0 0.474918 0.408644 0.236065 0.290766
0 0.155492 0.240668 0.202131 0.265226
0 0.344344 0.672888 0.258196 0.312377
0 0.810574 0.242633 0.216885 0.277014
0 0.744918 0.889980 0.277377 0.220039
0 0.612869 0.680747 0.287705 0.304519
0 0.366476 0.219057 0.228688 0.269155
0 0.106804 0.683694 0.210983 0.306483
0 0.590738 0.229862 0.216885 0.255403
0 0.857049 0.671906 0.239016 0.306483
0 0.921147 0.447937 0.157705 0.290766
0 0.254344 0.426326 0.216885 0.278978
0 0.070738 0.427308 0.141476 0.253438
0 0.709508 0.436149 0.230164 0.302554
0 0.206394 0.885069 0.265574 0.229862
0 0.473443 0.891945 0.265574 0.216110
0 0.700656 0.086444 0.185901 0.168959
0 0.499262 0.080550 0.219836 0.161100
0 0.903442 0.080550 0.193115 0.161100
0 0.095000 0.084479 0.184426 0.165029