4 0.328422 0.238703 0.285527 0.210216
4 0.625737 0.180747 0.272430 0.196464
4 0.498690 0.675835 0.337917 0.259332
4 0.833824 0.566798 0.332351 0.261297
4 0.175180 0.777996 0.335298 0.259332
4 0.238048 0.495088 0.345776 0.243615
4 0.869188 0.303536 0.261624 0.253438
4 0.561559 0.408644 0.311722 0.231827
4 0.544532 0.907662 0.277669 0.184676
4 0.084971 0.283890 0.169941 0.214145
4 0.159463 0.088409 0.251473 0.176817
4 0.869352 0.072692 0.256713 0.145383
4 0.860020 0.823183 0.279961 0.223969
4 0.433202 0.069745 0.243615 0.139489