1 0.129461 0.210216 0.182318 0.278978
1 0.343915 0.526523 0.191500 0.302554
1 0.549842 0.518664 0.188877 0.290766
1 0.749212 0.514735 0.183630 0.278978
1 0.130773 0.524558 0.192811 0.298625
1 0.334733 0.197446 0.183630 0.288802
1 0.545907 0.202358 0.186253 0.286837
1 0.749212 0.195481 0.178383 0.273084
1 0.926284 0.187623 0.144281 0.277014
1 0.131428 0.841847 0.196746 0.288802
1 0.343915 0.837917 0.186253 0.304519
9 0.553777 0.836935 0.191500 0.314342
9 0.757738 0.838900 0.184942 0.302554
9 0.938089 0.818271 0.123294 0.312377
9 0.930351 0.497053 0.139298 0.286837