1 0.304245 0.536557 0.127358 0.316038
1 0.502948 0.515330 0.128538 0.325472
1 0.747052 0.566038 0.116745 0.323113
1 0.086085 0.512972 0.153302 0.250000
1 0.266509 0.160377 0.117925 0.280660
1 0.365566 0.880896 0.127358 0.216981
1 0.591392 0.902123 0.135613 0.183962
1 0.120873 0.899764 0.159198 0.188679
1 0.940448 0.551887 0.119104 0.257075
1 0.808962 0.930425 0.136792 0.132075
1 0.907429 0.151533 0.137972 0.303066
1 0.691627 0.130896 0.135613 0.245283
1 0.481132 0.098467 0.148585 0.196934
1 0.104953 0.081958 0.143868 0.163915