1 0.073795 0.498035 0.099361 0.182711
1 0.247023 0.583497 0.129430 0.184676
1 0.299971 0.318271 0.130738 0.176817
1 0.418943 0.223969 0.120279 0.172888
1 0.513727 0.618861 0.129430 0.176817
1 0.866065 0.342829 0.141197 0.178782
1 0.753631 0.432220 0.125508 0.184676
1 0.628777 0.522593 0.134660 0.172888
1 0.398025 0.707269 0.125508 0.188605
1 0.281014 0.794695 0.132045 0.163065
1 0.925551 0.518664 0.121586 0.180747
1 0.812463 0.610020 0.117664 0.182711
1 0.693492 0.701375 0.125508 0.188605
1 0.575174 0.792731 0.126816 0.182711
1 0.456857 0.882122 0.122893 0.168959
1 0.337232 0.930255 0.126816 0.127701
1 0.535299 0.131631 0.128123 0.161100
1 0.716371 0.208251 0.113742 0.157171
1 0.602629 0.302554 0.118971 0.172888
1 0.482350 0.393910 0.113742 0.166994
1 0.373838 0.494106 0.116356 0.174853
1 0.187537 0.405697 0.120279 0.170923
1 0.133935 0.659136 0.128123 0.186640
1 0.655578 0.057957 0.115049 0.115914